2.000000030E-01 8.000000119E-01 1.000000000E+00
1.818181872E-01 7.636363506E-01 9.818181992E-01
1.636363715E-01 7.272727489E-01 9.636363387E-01
1.454545408E-01 6.909090877E-01 9.454545379E-01
1.272727251E-01 6.545454860E-01 9.272727370E-01
1.090909094E-01 6.181818247E-01 9.090909362E-01
9.090909362E-02 5.818181634E-01 8.909090757E-01
7.272727042E-02 5.454545617E-01 8.727272749E-01
5.454545468E-02 5.090909004E-01 8.545454741E-01
3.636363521E-02 4.727272689E-01 8.363636732E-01
1.818181761E-02 4.363636374E-01 8.181818128E-01
0.000000000E+00 4.000000060E-01 8.000000119E-01
3.999999911E-02 4.200000167E-01 8.000000119E-01
7.999999821E-02 4.399999976E-01 8.000000119E-01
1.200000048E-01 4.600000083E-01 8.000000119E-01
1.599999964E-01 4.800000191E-01 8.000000119E-01
2.000000030E-01 5.000000000E-01 8.000000119E-01
2.400000095E-01 5.199999809E-01 8.000000119E-01
2.800000012E-01 5.400000215E-01 8.000000119E-01
3.199999928E-01 5.600000024E-01 8.000000119E-01
3.600000143E-01 5.799999833E-01 8.000000119E-01
4.000000060E-01 6.000000238E-01 8.000000119E-01
4.399999976E-01 6.200000048E-01 8.000000119E-01
4.800000191E-01 6.399999857E-01 8.000000119E-01
5.199999809E-01 6.600000262E-01 8.000000119E-01
5.600000024E-01 6.800000072E-01 8.000000119E-01
6.000000238E-01 6.999999881E-01 8.000000119E-01
6.399999857E-01 7.200000286E-01 8.000000119E-01
6.800000072E-01 7.400000095E-01 8.000000119E-01
7.200000286E-01 7.599999905E-01 8.000000119E-01
7.599999905E-01 7.800000310E-01 8.000000119E-01
8.000000119E-01 8.000000119E-01 8.000000119E-01
8.033613563E-01 7.852474451E-01 7.619047761E-01
8.067227006E-01 7.704948783E-01 7.238095403E-01
8.100840449E-01 7.557423115E-01 6.857143044E-01
8.134453893E-01 7.409897447E-01 6.476190686E-01
8.168067336E-01 7.262371778E-01 6.095238328E-01
8.201680779E-01 7.114846110E-01 5.714285970E-01
8.235294223E-01 6.967320442E-01 5.333333611E-01
8.268907666E-01 6.819794774E-01 4.952380955E-01
8.302521110E-01 6.672269106E-01 4.571428597E-01
8.336134553E-01 6.524743438E-01 4.190476239E-01
8.369747996E-01 6.377217770E-01 3.809523880E-01
8.403361440E-01 6.229692101E-01 3.428571522E-01
8.436974883E-01 6.082166433E-01 3.047619164E-01
8.470588326E-01 5.934640765E-01 2.666666806E-01
8.504201770E-01 5.787115097E-01 2.285714298E-01
8.537815213E-01 5.639589429E-01 1.904761940E-01
8.571428657E-01 5.492063761E-01 1.523809582E-01
8.605042100E-01 5.344538093E-01 1.142857149E-01
8.638655543E-01 5.197012424E-01 7.619047910E-02
8.672268987E-01 5.049486756E-01 3.809523955E-02
8.705882430E-01 4.901960790E-01 0.000000000E+00
8.823529482E-01 5.183600783E-01 0.000000000E+00
8.941176534E-01 5.465240479E-01 0.000000000E+00
9.058823586E-01 5.746880770E-01 0.000000000E+00
9.176470637E-01 6.028520465E-01 0.000000000E+00
9.294117689E-01 6.310160756E-01 0.000000000E+00
9.411764741E-01 6.591800451E-01 0.000000000E+00
9.529411793E-01 6.873440146E-01 0.000000000E+00
9.647058845E-01 7.155080438E-01 0.000000000E+00
9.764705896E-01 7.436720133E-01 0.000000000E+00
9.882352948E-01 7.718360424E-01 0.000000000E+00
1.000000000E+00 8.000000119E-01 0.000000000E+00
